    //figura 1
    fill(204,0,153);
    triangle(0, 0, 400, 0, 200,200);  

    //figura 2
    fill(51,102,255);
    triangle(0, 0, 0, 400, 200, 200);    

    //figura 3
    fill(255,0,102);
    quad(100, 300, 200, 400, 300, 300, 200, 200);
   
    //figura 4
    fill(255,102,0);
    triangle(0, 400, 200, 400, 100, 300);
    
    //figura 5
    fill(51,204,51);
    triangle(400, 400, 400, 200, 200, 400);
    
    //figura 6
    fill(153,0,255);
    triangle(200, 200, 300, 300, 300, 100);
    
    //figura 7
    fill(255,255,0);
    quad(400, 0, 400, 200, 300, 300, 300, 100);